element properties
200000000000                    0.3                   8000

BRICK_Ado2 elements
1   2   5   4  10  11  14  13   1
2   3   6   5  11  12  15  14   1
4   5   8   7  13  14  17  16   1
5   6   9   8  14  15  18  17   1
10  11  14  13  19  20  23  22   1
11  12  15  14  20  21  24  23   1
13  14  17  16  22  23  26  25   1
14  15  18  17  23  24  27  26   1
19  20  23  22  28  29  32  31   1
20  21  24  23  29  30  33  32   1
22  23  26  25  31  32  35  34   1
23  24  27  26  32  33  36  35   1
28  29  32  31  37  38  41  40   1
29  30  33  32  38  39  42  41   1
31  32  35  34  40  41  44  43   1
32  33  36  35  41  42  45  44   1
37  38  41  40  46  47  50  49   1
38  39  42  41  47  48  51  50   1
40  41  44  43  49  50  53  52   1
41  42  45  44  50  51  54  53   1

nodes
1       -0.25       -0.25           0
2           0       -0.25           0
3        0.25       -0.25           0
4       -0.25           0           0
5  0  0  0
6        0.25           0           0
7       -0.25        0.25           0
8           0        0.25           0
9        0.25        0.25           0
10        -0.25        -0.25          0.4
11            0        -0.25          0.4
12         0.25        -0.25          0.4
13        -0.25            0          0.4
14            0            0          0.4
15         0.25            0          0.4
16        -0.25         0.25          0.4
17            0         0.25          0.4
18         0.25         0.25          0.4
19        -0.25        -0.25          0.8
20            0        -0.25          0.8
21         0.25        -0.25          0.8
22        -0.25            0          0.8
23            0            0          0.8
24         0.25            0          0.8
25        -0.25         0.25          0.8
26            0         0.25          0.8
27         0.25         0.25          0.8
28        -0.25        -0.25          1.2
29            0        -0.25          1.2
30         0.25        -0.25          1.2
31        -0.25            0          1.2
32            0            0          1.2
33         0.25            0          1.2
34        -0.25         0.25          1.2
35            0         0.25          1.2
36         0.25         0.25          1.2
37        -0.25        -0.25          1.6
38            0        -0.25          1.6
39         0.25        -0.25          1.6
40        -0.25            0          1.6
41            0            0          1.6
42         0.25            0          1.6
43        -0.25         0.25          1.6
44            0         0.25          1.6
45         0.25         0.25          1.6
46        -0.25        -0.25            2
47            0        -0.25            2
48         0.25        -0.25            2
49        -0.25            0            2
50   0   0   2
51         0.25            0            2
52        -0.25         0.25            2
53            0         0.25            2
54         0.25         0.25            2

points
1 1 1 1

fix surfaceball
1 0 1 0
1 1 0 0
1  0  0  1
2  0  0  1
3  0  0  1
4  0  0  1
5  0  0  1
6  0  0  1
7  0  0  1
8  0  0  1
9  0  0  1

load
46                   3      694444444.4444
47                   3      694444444.4444
48                   3      694444444.4444
49                   3      694444444.4444
50                   3      694444444.4444
51                   3      694444444.4444
52                   3      694444444.4444
53                   3      694444444.4444
54                   3      694444444.4444

actions
plotundeformed
staticanalysis
plotdeformed
%post_process
Disp = full(X);
%stressandstrain
end

