element properties
200000000000                    0.3                   8000

BRICK_Ado2 elements
23	47	33	13	8	27	9	1	1
8	27	9	1	7	26	10	2	1
7	26	10	2	6	25	11	3	1
6	25	11	3	5	24	12	4	1
5	24	12	4	32	49	34	14	1
36	48	23	13	18	31	8	1	1
18	31	8	1	17	30	7	2	1
17	30	7	2	16	29	6	3	1
16	29	6	3	15	28	5	4	1
15	28	5	4	35	50	32	14	1
13	33	51	46	1	9	41	19	1
1	9	41	19	2	10	40	20	1
2	10	40	20	3	11	39	21	1
3	11	39	21	4	12	38	22	1
4	12	38	22	14	34	52	37	1
54	36	13	46	45	18	1	19	1
45	18	1	19	44	17	2	20	1
44	17	2	20	43	16	3	21	1
43	16	3	21	42	15	4	22	1
42	15	4	22	53	35	14	37	1

nodes
1	1.03E-15	-1.90E-10	38
2	0	-9.20E-10	76
3	0	1.12E-08	114
4	1.83E-15	-1.06E-09	152
5	-11.4	-4.23E-09	152
6	-17.8	-6.14E-09	114
7	-24.2	-3.68E-09	76
8	-30.6	-7.80E-10	38
9	7.79E-10	-30.6	38
10	3.68E-09	-24.2	76
11	6.14E-09	-17.8	114
12	4.23E-09	-11.4	152
13	0	0	0
14	2.58E-15	2.93E-15	190
15	-4.23E-09	11.4	152
16	-6.14E-09	17.8	114
17	-3.68E-09	24.2	76
18	-7.80E-10	30.6	38
19	30.6	-7.80E-10	38
20	24.2	-3.68E-09	76
21	17.8	-6.14E-09	114
22	11.4	-4.23E-09	152
23	-37	0	0
24	-11.4	-11.4	152
25	-17.8	-17.8	114
26	-24.2	-24.2	76
27	-30.6	-30.6	38
28	-11.4	11.4	152
29	-17.8	17.8	114
30	-24.2	24.2	76
31	-30.6	30.6	38
32	-4.99999	0	190
33	0	-37	0
34	0	-4.99999	190
35	0	4.99999	190
36	0	37	0
37	4.99999	0	190
38	11.4	-11.4	152
39	17.8	-17.8	114
40	24.2	-24.2	76
41	30.6	-30.6	38
42	11.4	11.4	152
43	17.8	17.8	114
44	24.2	24.2	76
45	30.6	30.6	38
46	37	0	0
47	-37	-37	0
48	-37	37	0
49	-4.99999	-4.99999	190
50	-4.99999	4.99999	190
51	37	-37	0
52	4.99999	-4.99999	190
53	4.99999	4.99999	190
54	37	37	0

points
1 1 1 1

fix clamp
13
23
33
36
46
47
48
51
54

load
14	1	2.50E+09
32	1	1.25E+09
34	1	1.25E+09
35	1	1.25E+09
37	1	1.25E+09
49	1	6.25E+08
50	1	6.25E+08
52	1	6.25E+08
53	1	6.25E+08

actions
plotundeformed
staticanalysis
plotdeformed
post_process
%Disp = full(X);
%stressandstrain
end