c1 =    0.750  -0.500  -1.250   1.000   0.000   0.000;
c1dd =   15.00   -6.00   -7.50    2.00;
c2 =   0.250  -0.250  -0.250   0.250   0.000   0.000;
c2dd =   5.000  -3.000  -1.500   0.500;
c3 =  -0.750  -0.500   1.250   1.000   0.000   0.000;
c2dd =  -15.00   -6.00    7.50    2.00;
c4 =   0.250   0.250  -0.250  -0.250   0.000   0.000;
c4dd =   5.000   3.000  -1.500  -0.500;
c5 =   0.000   1.000  -0.000  -2.000   0.000   1.000;
c5dd =   0    1.20e+01   0   -4.00e+00;
c6 =   1.000   0.000  -2.000  -0.000   1.000   0.000;
c6dd =    2.00e+01    0   -1.20e+01   0;
