-1.734 
-2.035 
-1.899 
-2.005 
-1.891 
-1.439 
-2.055 
-1.759 
-1.616 
-1.171 
-1.430 
-1.472 
-1.775 
-1.773 
-1.592 
-1.765 
-1.747 
-1.514 
-1.553 
-2.233 
-1.984 
-1.540 
-1.887 
-1.691 
-1.461 
-2.233 
-1.868 
-1.309 
-1.479 
-1.615 
-1.756 
-1.593 
-2.144 
-1.652 
-1.767 
-1.480 
-2.078 
-2.465 
-1.490 
-1.702 
-1.929 
-1.676 
-1.709 
-1.550 
-1.298 
-2.067 
-1.874 
-1.771 
-2.199 
-1.858 
-1.153 
-1.703 
-2.129 
-1.643 
-1.965 
-1.732 
-1.985 
-2.047 
-1.692 
-1.974 
-2.045 
-1.466 
-1.385 
-1.941 
-1.969 
-2.106 
-1.955 
-1.865 
-1.611 
-1.716 
-2.186 
-1.655 
-1.895 
-1.520 
-1.971 
-1.444 
-1.708 
-1.541 
-1.636 
-1.584 
-2.009 
-1.403 
-1.909 
-1.635 
-2.032 
-2.717 
-1.488 
-2.012 
-1.599 
-1.866 
-1.493 
-1.863 
-1.813 
-1.723 
-1.643 
-2.049 
-2.058 
-1.639 
-1.776 
-1.387 
-1.616 
-1.502 
-1.673 
-1.693 
-2.220 
-1.800 
-1.988 
-2.081 
-1.653 
-1.633 
-1.144 
-1.614 
-1.452 
-1.606 
-1.545 
-2.193 
-1.877 
-1.621 
-1.503 
-1.656 
-1.599 
-2.234 
-1.621 
-1.588 
-1.814 
-2.058 
-1.685 
-1.662 
-1.710 
-1.609 
-1.364 
-1.271 
-1.820 
-1.465 
-1.799 
-1.421 
-2.008 
-1.543 
-1.951 
-1.555 
-1.894 
-1.724 
-1.734 
-1.878 
-1.729 
-1.881 
-2.027 
-2.164 
-1.345 
-1.582 
-1.587 
-1.703 
-1.211 
-1.106 
-1.567 
-1.637 
-1.770 
-1.896 
-1.545 
-2.256 
-1.997 
-1.551 
-1.438 
-2.164 
-1.702 
-2.132 
-1.782 
-1.627 
-1.719 
-1.801 
-1.473 
-2.146 
-1.496 
-1.937 
-2.134 
-1.289 
-2.004 
-1.643 
-1.593 
-1.761 
-1.133 
-1.500 
-1.651 
-1.627 
-1.966 
-1.344 
-1.945 
-1.340 
-1.819 
-1.563 
-1.860 
-1.391 
-1.630 
-1.966 
-1.589 
-1.783 
-1.561 
-1.645 
-2.064 
-1.647 
-2.052 
-1.328 
-1.951 
-1.559 
-1.895 
-1.316 
-1.666 
-1.958 
-1.273 
-1.670 
-1.772 
-1.888 
-1.451 
-1.824 
-1.727 
-1.815 
-1.374 
-1.761 
-1.897 
-1.551 
-1.801 
-1.485 
-1.447 
-1.895 
-1.974 
-1.736 
-1.666 
-1.591 
-2.003 
-1.381 
-1.765 
-1.338 
-1.998 
-1.885 
-1.990 
-1.840 
-1.846 
-1.551 
-1.597 
-1.594 
-1.472 
-1.826 
-1.918 
-1.729 
-1.967 
-1.788 
-1.791 
-1.090 
-1.686 
-1.585 
-1.833 
-1.725 
-1.796 
-1.986 
-1.761 
-1.442 
-1.782 
-1.700 
-1.525 
-1.890 
-1.601 
-2.097 
-1.952 
-1.963 
-1.522 
-1.491 
-1.817 
-1.822 
-1.560 
-1.727 
-2.372 
-1.527 
-1.406 
-1.539 
-1.008 
-1.628 
-1.592 
-1.666 
-1.840 
-1.965 
-1.850 
-2.103 
-1.644 
-1.613 
-1.716 
-1.458 
-1.445 
-1.368 
-1.669 
-1.420 
-2.030 
-1.704 
-1.693 
-2.204 
-2.016 
-2.217 
-2.236 
-1.931 
-1.561 
-1.470 
-1.549 
-1.799 
-1.162 
-1.491 
-1.925 
-1.255 
-1.392 
-1.795 
-1.442 
-1.059 
-1.649 
-1.185 
-1.517 
-1.062 
-1.911 
-1.063 
-1.636 
-2.246 
-1.743 
-1.632 
-1.772 
-1.687 
-1.753 
-2.025 
-2.040 
-1.628 
-1.998 
-1.888 
-1.555 
-1.389 
-1.548 
-1.814 
-1.671 
-1.836 
-1.465 
-1.904 
-2.024 
-1.753 
-1.811 
-1.679 
-2.262 
-2.148 
-2.067 
-1.711 
-1.739 
-1.434 
-1.598 
-1.606 
-1.827 
-1.501 
-1.704 
-1.663 
-1.295 
-2.110 
-2.049 
-1.129 
-1.288 
-1.702 
-1.549 
-1.939 
-1.558 
-1.982 
-1.215 
-2.051 
-2.067 
-1.975 
-2.061 
-1.665 
-1.777 
-1.661 
-2.356 
-2.070 
-1.552 
-1.889 
-1.512 
-1.472 
-1.349 
-2.088 
-1.907 
-1.732 
-1.821 
-1.857 
-1.995 
-1.744 
-2.024 
-1.426 
-1.674 
-1.989 
-1.043 
-2.039 
-1.512 
-1.657 
-1.821 
-1.636 
-2.121 
-1.485 
-1.580 
-1.537 
-1.875 
-1.689 
-1.833 
-1.823 
-1.676 
-2.054 
-1.681 
-2.001 
-1.944 
-1.629 
-2.018 
-1.590 
-1.791 
-1.431 
-1.632 
-1.857 
-2.028 
-1.613 
-1.789 
-1.936 
-1.835 
-1.593 
-1.943 
-1.591 
-1.671 
-1.568 
-2.190 
-1.417 
-1.719 
-1.573 
-2.032 
-1.714 
-1.950 
-1.925 
-1.474 
-2.075 
-1.711 
-1.258 
-1.788 
-1.958 
-1.873 
-1.606 
-2.097 
-1.974 
-1.993 
-1.682 
-1.763 
-2.140 
-1.883 
-1.949 
-2.100 
-1.899 
-1.550 
-1.401 
-1.994 
-1.322 
-1.652 
-1.810 
-1.622 
-1.908 
-1.858 
-1.553 
-1.673 
-1.690 
-1.867 
-1.841 
-1.403 
-1.607 
-1.452 
-1.473 
-2.076 
-1.315 
-2.076 
-1.881 
-1.801 
-1.590 
-1.573 
-1.824 
-1.461 
-1.629 
-1.964 
-1.481 
-1.186 
-2.050 
-1.649 
-1.881 
-1.523 
-1.936 
-1.900 
-1.429 
-1.451 
-2.022 
-1.564 
-2.005 
-1.595 
-1.196 
-1.864 
-2.137 
-1.388 
-1.991 
-1.814 
-1.781 
-1.638 
-1.895 
-1.738 
-1.893 
-1.785 
-1.438 
-1.865 
-1.488 
-1.569 
-1.483 
-1.560 
-2.133 
-2.238 
-1.969 
-1.414 
-1.964 
-1.809 
-1.846 
-1.683 
-1.220 
-1.420 
-1.452 
-1.936 
-1.479 
-1.475 
-2.015 
-2.146 
-2.304 
-2.138 
-1.392 
-1.714 
-1.786 
-1.431 
-1.751 
-1.456 
-1.659 
-1.974 
-1.806 
-1.148 
-1.801 
-1.903 
-2.047 
-1.586 
-1.933 
-1.452 
-1.613 
-1.778 
-1.517 
-1.602 
-1.788 
-1.586 
-1.647 
-1.927 
-1.863 
-1.829 
-2.015 
-1.587 
-1.559 
-1.392 
-1.525 
-1.776 
-1.886 
-2.007 
-1.924 
-1.460 
-1.494 
-1.635 
-1.818 
-1.804 
-1.714 
-1.554 
-1.918 
-1.619 
-2.075 
-1.748 
-2.047 
-1.881 
-1.781 
-1.419 
-1.635 
-2.143 
-2.090 
-1.551 
-1.988 
-1.821 
-2.194 
-1.673 
-1.269 
-1.698 
-1.620 
-1.953 
-1.873 
-2.145 
-1.421 
-1.606 
-1.732 
-1.693 
-1.533 
-1.487 
-1.987 
-2.031 
-1.907 
-1.781 
-2.077 
-1.199 
-1.748 
-1.767 
-1.426 
-1.827 
-1.931 
-1.433 
-1.789 
-1.192 
-2.079 
-1.615 
-1.502 
-1.686 
-2.271 
-1.211 
-1.963 
-1.864 
-1.577 
-1.710 
-1.571 
-1.856 
-1.359 
-1.643 
-1.360 
-2.075 
-1.682 
-1.976 
-1.797 
-2.019 
-1.490 
-1.559 
-1.863 
-2.027 
-1.592 
-1.620 
-1.168 
-1.752 
-1.713 
-1.631 
-2.044 
-1.717 
-1.588 
-2.028 
-1.647 
-1.307 
-1.798 
-1.285 
-1.910 
-1.869 
-1.541 
-1.938 
-2.218 
-1.544 
-1.812 
-1.693 
-1.680 
-1.699 
-2.151 
-1.504 
-1.589 
-1.704 
-1.493 
-1.486 
-1.404 
-2.103 
-1.887 
-2.391 
-2.115 
-1.788 
-1.998 
-1.917 
-1.389 
-1.176 
-2.178 
-1.813 
-1.660 
-2.090 
-1.865 
-1.713 
-1.578 
-1.211 
-1.280 
-1.929 
-1.600 
-1.506 
-1.836 
-1.857 
-2.104 
-1.619 
-1.517 
-1.488 
-1.360 
-2.155 
-1.294 
-2.276 
-1.777 
-1.787 
-2.086 
-1.768 
-1.960 
-1.703 
-1.407 
-1.692 
-1.682 
-1.875 
-2.094 
-1.745 
-1.961 
-1.607 
-2.234 
-1.826 
-2.127 
-1.844 
-1.646 
-2.129 
-1.514 
-1.981 
-1.678 
-1.383 
-1.699 
-1.517 
-1.764 
-2.405 
-1.391 
-2.072 
-1.494 
-1.883 
-2.145 
-1.886 
-1.232 
-2.026 
-2.040 
-2.224 
-1.964 
-1.952 
-1.627 
-1.631 
-1.858 
-2.164 
-1.790 
-1.784 
-1.855 
-1.223 
-1.733 
-1.421 
-2.028 
-1.786 
-1.782 
-1.701 
-1.879 
-1.910 
-1.520 
-1.677 
-1.505 
-1.971 
-1.533 
-2.425 
-1.623 
-1.791 
-1.894 
-1.991 
-1.552 
-1.753 
-1.638 
-1.557 
-2.104 
-1.468 
-1.483 
-1.978 
-1.773 
-1.892 
-1.676 
-1.484 
-2.138 
-1.772 
-1.545 
-1.738 
-1.925 
-1.499 
-1.767 
-1.747 
-1.508 
-1.730 
-1.910 
-1.701 
-1.532 
-1.972 
-2.262 
-1.613 
-1.941 
-1.898 
-1.784 
-1.938 
-1.744 
-1.183 
-1.223 
-1.699 
-1.795 
-1.899 
-1.987 
-1.592 
-2.214 
-1.805 
-1.591 
-1.390 
-1.797 
-1.937 
-1.508 
-1.934 
-1.878 
-1.266 
-1.923 
-1.605 
-1.661 
-1.425 
-1.461 
-1.642 
-1.761 
-1.878 
-1.130 
-1.458 
-1.742 
-1.665 
-1.610 
-1.723 
-1.382 
-1.713 
-2.258 
-1.565 
-1.258 
-1.722 
-1.886 
-1.669 
-1.734 
-1.880 
-1.549 
-1.847 
-1.594 
-1.723 
-1.950 
-2.126 
-1.848 
-1.942 
-1.427 
-1.906 
-1.314 
-1.608 
-1.920 
-1.537 
-1.519 
-1.821 
-1.768 
-1.946 
-1.525 
-1.862 
-2.116 
-2.006 
-2.104 
0.9714 
-1.476 
-1.971 
-2.017 
-1.216 
-1.909 
-1.208 
-1.504 
-1.012 
-1.845 
-1.457 
-1.741 
-1.922 
-1.703 
-1.909 
-1.496 
-1.802 
-1.715 
-1.631 
-1.877 
-1.979 
-1.504 
-1.712 
-1.724 
-2.327 
-1.738 
-1.576 
-1.570 
-1.603 
-1.790 
-1.690 
-1.960 
-1.836 
-1.712 
-1.610 
-1.491 
-1.940 
-2.093 
-2.150 
-1.886 
-1.814 
-1.562 
-1.444 
-1.616 
-1.527 
-1.710 
-1.332 
-1.880 
-1.642 
-1.941 
-1.965 
-1.767 
-2.061 
-2.268 
-1.683 
-1.544 
-1.657 
-1.806 
-1.692 
-1.616 
-1.738 
-1.495 
-1.637 
-2.461 
-2.076 
-1.873 
-1.702 
-1.754 
-1.741 
-1.410 
-1.559 
-1.515 
-1.649 
-1.586 
-1.514 
-1.424 
-1.621 
-1.945 
-1.740 
-1.797 
-2.143 
-1.906 
-1.895 
-1.695 
-1.634 
-1.258 
-1.635 
-2.144 
-1.725 
-1.580 
-1.568 
-1.924 
-1.760 
-1.532 
-1.777 
-1.655 
-1.302 
-2.176 
-1.859 
-2.173 
-1.586 
-1.433 
-1.623 
-1.624 
-1.224 
-2.034 
-1.674 
-2.086 
-1.785 
-2.038 
-1.631 
-1.921 
-1.856 
-1.654 
-1.998 
-1.660 
-1.561 
-1.996 
-1.727 
-1.702 
-1.839 
-1.711 
-2.040 
-1.312 
-1.612 
-1.840 
-2.632 
-1.755 
0.9092 
-1.441 
-2.001 
-1.871 
-1.760 
-1.567 
-1.641 
-1.585 
-1.585 
-1.638 
-1.729 
-1.756 
-2.061 
-2.078 
-1.694 
-1.941 
-1.902 
-1.504 
-2.041 
-1.628 
0.8332 
-1.796 
-1.759 
-1.647 
-1.552 
-2.116 
-1.587 
-1.549 
-2.036 
-1.788 
-1.919 
-1.993 
-1.723 
-1.126 
-2.103 
-1.844 
-2.109 
-1.521 
-1.839 
-1.460 
-1.877 
-1.955 
-1.700 
-1.673 
-2.322 
-1.673 
-1.721 
-2.019 
-1.808 
-1.918 
-1.353 
-1.686 
-1.472 
-2.016 
-1.807 
-1.568 
-1.136 
-2.092 
-2.182 
-1.780 
-1.393 
-1.900 
-1.604 
-1.713 
-1.948 
-1.543 
-1.969 
-1.750 
-1.691 
-2.025 
-1.333 
-2.416 
-1.882 
-1.235 
-1.595 
-1.782 
-1.507 
-1.933 
-1.997 
-1.545 
-1.272 
-1.966 
-1.950 
-2.137 
-1.640 
-1.731 
-1.895 
-1.682 
-2.081 
-1.518 
-1.588 
-1.859 
-1.524 
-2.038 
-2.118 
-1.406 
-1.661 
-1.390 
-1.572 
-1.411 
-1.762 
-1.848 
-1.830 
-1.858 
-2.317 
-1.106 
-1.838 
-1.558 
-1.789 
-1.634 
-1.878 
-1.632 
-1.736 
-1.927 
-1.841 
-1.433 
-1.458 
-1.506 
-1.691 
-1.741 
-1.708 
-1.330 
-2.030 
-1.437 
-1.610 
-2.051 
-1.589 
-1.812 
-1.746 
-1.739 
-1.850 
-1.764 
-1.746 
-1.371 
-1.727 
-1.620 
-1.767 
-1.905 
-1.653 
-1.736 
-2.358 
-1.473 
-1.978 
-1.507 
-1.812 
-1.640 
-1.514 
-1.726 
-1.703 
-2.244 
-1.606 
-1.373 
-1.550 
-1.828 
-1.347 
-1.788 
-2.061 
-2.220 
-1.444 
-2.028 
-1.980 
-2.197 
-1.635 
-2.209 
-2.210 
-1.905 
-1.730 
-1.617 
-1.708 
-1.773 
-1.805 
-1.564 
-1.726 
-1.760 
-2.283 
-2.067 
-1.549 
-1.895 
-1.567 
-1.765 
-1.925 
-1.820 
-1.255 
-1.616 
-1.843 
-1.551 
-1.608 
-1.726 
-1.657 
-1.819 
-1.784 
-1.954 
-1.893 
-1.759 
-2.123 
-1.678 
-1.888 
-1.702 
-1.844 
-1.649 
-2.028 
-1.965 
-1.833 
-1.489 
-1.568 
-1.868 
-1.731 
-1.235 
-1.681 
-1.670 
-2.029 
-1.563 
-1.950 
-1.423 
-1.647 
-1.754 
-1.298 
-1.497 
-1.746 
-1.722 
-1.795 
-1.584 
-1.916 
-1.816 
-2.040 
-1.341 
-1.904 
-1.716 
-1.656 
-1.934 
-2.059 
-1.822 
-1.407 
-1.509 
-1.812 
-1.908 
-1.701 
-1.572 
-1.342 
-1.908 
-1.549 
-1.830 
-1.216 
-1.569 
-1.816 
-1.585 
-1.849 
-1.453 
-1.687 
-1.591 
-1.723 
-1.862 
-1.776 
-2.018 
-1.726 
-1.664 
-1.719 
-1.977 
-1.678 
-1.717 
-1.806 
-1.919 
-1.940 
-1.877 
-1.868 
-1.963 
-1.963 
-1.355 
-1.691 
-1.308 
-2.134 
-1.579 
-1.781 
-1.858 
-1.773 
-1.621 
-1.438 
-1.717 
-1.856 
-1.710 
-1.911 
-1.536 
-1.332 
-2.165 
-2.417 
-1.766 
-1.499 
-1.715 
-2.129 
-2.063 
-1.758 
-1.982 
-1.818 
-1.546 
-1.805 
-1.774 
-1.810 
-1.547 
-2.068 
-1.510 
-1.935 
-1.636 
-1.562 
-1.799 
-2.072 
-1.975 
-1.636 
-1.794 
-1.761 
-1.784 
-1.753 
-1.674 
-1.871 
-2.002 
-1.767 
-1.459 
-1.854 
-1.641 
-1.972 
-1.386 
-1.493 
-1.708 
-1.291 
-2.084 
-1.693 
-1.726 
-1.813 
-1.557 
-1.710 
-1.660 
-1.881 
-1.217 
-1.333 
-1.660 
-1.176 
-2.263 
-1.876 
-1.925 
-1.463 
-1.583 
-1.747 
-1.781 
-1.760 
-1.575 
-1.468 
-1.759 
-2.087 
-1.692 
-1.663 
-1.754 
-1.805 
-1.473 
-1.306 
-1.629 
-1.993 
-1.668 
-1.910 
-1.207 
-1.529 
-2.260 
-2.021 
-1.051 
-1.715 
-1.709 
-2.263 
-1.631 
-1.913 
-1.327 
-1.442 
-1.918 
-1.885 
-1.699 
-1.419 
-1.666 
-1.722 
-1.716 
-1.544 
-1.438 
-1.929 
-1.412 
-1.516 
-1.863 
-1.868 
-1.977 
-2.004 
-1.834 
-1.653 
-1.466 
-1.626 
-1.594 
-1.645 
-1.371 
-1.842 
-1.478 
-2.113 
-1.625 
-1.469 
-1.760 
-1.980 
-1.733 
-1.358 
-1.392 
-1.553 
-1.375 
-1.868 
-1.480 
-2.048 
-1.871 
-1.601 
-1.282 
-1.916 
-1.849 
-1.824 
-2.117 
-1.195 
-1.558 
-1.370 
-2.167 
-1.949 
-2.271 
-1.987 
-1.656 
-2.391 
-1.717 
-1.544 
-1.677 
-2.037 
-1.674 
-1.946 
-1.903 
-1.540 
-1.644 
-2.070 
-1.431 
-1.849 
-1.546 
0.8581 
-1.636 
-1.466 
-1.934 
-1.693 
-1.773 
-1.491 
-1.453 
-1.340 
-1.641 
-1.612 
-1.697 
-2.066 
-1.961 
-1.887 
-1.911 
-1.948 
-1.965 
-1.434 
-1.327 
-1.373 
-1.969 
-2.110 
-1.667 
-1.647 
-1.748 
-1.855 
-1.611 
-1.719 
-2.005 
-1.702 
-1.697 
-1.689 
-1.816 
-1.638 
-1.928 
-2.060 
-1.874 
-1.750 
-1.676 
-1.340 
-1.851 
-1.363 
-2.249 
-1.581 
-1.447 
-1.599 
-1.303 
-1.744 
-1.976 
-1.892 
-1.876 
-1.495 
-2.271 
-1.668 
-1.958 
-1.919 
-1.743 
-2.336 
-2.036 
-2.019 
-1.825 
-1.882 
-1.708 
-1.778 
-1.906 
-2.037 
-1.932 
-1.968 
-1.984 
-1.849 
-1.716 
-1.978 
-1.541 
-1.975 
-2.023 
-1.446 
-1.747 
-1.742 
-1.741 
-1.651 
-1.950 
-1.918 
-2.023 
-1.336 
-1.404 
-1.544 
-1.664 
-2.193 
-1.973 
-1.541 
-1.638 
-1.411 
-1.662 
-1.798 
-1.586 
-1.446 
-1.800 
-1.619 
-1.738 
-1.668 
-1.619 
-1.965 
-1.729 
-1.990 
-2.318 
-1.680 
-1.740 
-2.018 
-1.372 
-1.902 
-1.730 
-2.037 
-1.874 
-1.584 
-1.755 
-1.858 
-1.529 
-1.504 
-1.652 
-1.907 
-1.485 
-1.685 
-1.439 
-1.820 
-1.738 
-1.280 
-1.922 
-1.564 
-1.783 
-1.601 
-1.734 
-1.502 
-1.541 
-1.462 
-1.497 
-1.507 
-1.764 
-1.724 
-1.949 
-1.920 
-2.400 
-1.890 
-1.498 
-1.720 
-1.474 
-1.414 
-1.514 
-2.255 
-1.768 
-1.811 
-1.513 
-1.750 
-1.555 
-1.961 
-1.710 
-1.501 
-1.392 
-1.348 
-1.432 
-1.998 
-1.735 
-1.585 
-1.567 
-1.940 
-1.773 
-1.579 
-1.540 
-1.880 
-1.774 
-2.159 
-1.757 
-1.671 
-1.568 
-1.902 
-1.759 
-1.408 
-2.097 
-2.207 
-1.682 
-1.833 
-1.743 
-1.987 
-1.479 
-1.909 
-1.234 
-1.178 
-2.010 
-2.006 
-1.789 
-1.319 
-1.817 
-2.144 
-1.971 
-1.712 
-1.802 
-1.167 
-1.592 
-1.911 
-1.454 
-1.667 
-1.742 
-1.733 
-1.668 
-1.442 
-1.848 
-2.113 
-1.754 
-2.372 
-1.471 
-2.015 
-1.745 
-1.326 
-1.958 
-1.647 
-1.732 
-1.723 
-2.040 
-1.982 
-1.359 
-1.354 
-1.704 
-1.567 
-1.436 
-1.597 
-2.031 
-1.865 
-1.451 
-1.533 
-1.782 
-1.460 
-1.974 
-1.791 
-1.732 
-2.094 
-1.661 
-1.584 
-1.811 
-1.296 
-1.416 
-1.615 
-2.055 
-1.566 
-1.835 
-1.488 
-1.853 
-1.744 
-1.536 
-1.335 
-2.136 
-1.890 
-1.323 
-2.033 
-2.528 
-1.639 
-2.105 
-1.844 
-1.464 
-1.766 
-2.114 
-1.634 
-1.677 
-1.530 
-1.611 
-1.668 
-1.606 
-1.748 
-1.258 
-1.471 
-1.791 
-1.677 
-1.119 
-2.094 
-1.628 
-2.150 
-1.184 
-1.781 
-1.657 
-1.371 
-1.569 
-1.496 
-1.786 
-1.837 
-1.710 
-1.726 
-1.707 
-1.705 
-1.657 
-1.889 
-1.731 
-1.914 
-1.859 
-1.736 
-1.757 
-1.993 
-2.103 
-1.469 
-1.258 
-1.657 
-1.609 
-1.747 
-1.842 
-1.309 
-1.377 
-1.673 
-1.547 
-1.499 
-1.479 
-1.960 
-1.789 
-1.334 
-1.848 
-1.954 
-1.470 
-1.604 
-1.569 
-1.776 
-1.488 
-1.664 
-1.672 
-1.630 
-1.779 
-1.606 
-1.996 
-1.602 
-1.368 
-1.632 
-1.850 
-2.224 
-1.634 
-1.724 
-1.521 
-1.659 
-1.340 
-1.471 
-2.333 
-1.960 
-1.878 
-2.210 
-1.591 
-2.297 
-1.504 
-2.145 
-1.879 
-1.347 
-1.198 
-1.747 
-1.981 
-1.850 
-1.464 
-2.136 
-1.910 
-1.061 
-1.556 
-1.372 
-1.753 
-1.518 
-1.533 
-1.794 
-1.886 
-2.045 
-2.361 
-1.659 
-1.331 
-1.085 
-1.599 
-1.897 
-1.697 
-1.696 
-1.700 
-1.536 
-1.797 
-1.385 
-1.699 
-1.789 
-1.471 
-1.367 
-1.466 
-1.853 
-1.649 
-1.589 
-1.955 
-1.239 
-1.502 
-1.410 
-1.909 
-1.676 
-1.765 
-1.121 
-1.717 
-1.801 
-1.799 
-1.968 
-1.761 
-1.515 
-1.840 
-1.976 
-1.857 
-1.811 
-1.848 
-1.508 
-2.164 
-1.404 
-1.462 
-1.904 
-1.815 
-1.278 
-1.855 
-1.856 
-1.338 
-1.873 
-1.555 
-1.716 
-1.616 
-1.522 
-1.475 
-2.104 
-1.841 
-2.136 
-1.793 
-1.899 
-1.827 
-1.519 
-2.108 
-1.745 
-2.019 
-1.914 
-2.236 
-2.005 
-1.708 
-1.971 
-1.707 
-1.419 
-1.842 
-1.999 
-1.947 
-1.747 
-1.302 
-1.454 
-2.081 
-2.020 
-1.425 
-1.773 
-1.561 
-2.157 
-1.713 
-1.696 
-1.621 
-1.854 
-1.606 
-1.867 
-1.356 
-1.358 
-1.572 
-1.395 
-2.122 
-1.582 
-1.704 
-1.736 
-1.877 
-1.885 
-1.651 
-1.912 
-1.943 
-1.956 
-1.623 
-2.001 
-1.633 
-2.019 
-2.070 
-1.478 
-1.842 
-2.015 
-1.601 
-1.778 
-1.715 
-1.746 
-1.554 
-1.663 
-1.521 
-1.646 
-2.394 
-1.937 
-1.737 
-1.436 
-1.445 
-1.976 
-2.318 
-1.561 
-1.243 
-1.543 
-1.667 
-1.402 
-1.391 
-1.630 
-2.165 
-2.158 
-1.306 
-1.388 
-1.450 
-1.622 
-1.794 
-2.189 
-1.844 
-2.101 
-1.486 
-1.403 
-2.010 
-1.418 
-1.839 
-1.565 
-1.938 
-1.775 
-1.758 
-2.582 
-1.331 
