1 294.2471511
2 227.7701625
3 196.5001445
4 177.1049397
5 163.4502648
6 153.0963582
7 144.8478675
8 138.0383887
9 132.2619201
10 127.2544757
11 122.8356261
12 118.8770749
13 115.2846134
14 111.9871921
15 108.9300083
16 106.069971
17 103.3726328
18 100.8100576
19 98.35930679
20 96.00134036
21 93.72020847
22 91.50244643
23 89.33661738
24 87.21296338
25 85.12313759
26 83.05999824
27 81.01745041
28 78.99032536
29 76.97428988
30 74.96577972
31 72.96195265
32 70.96065721
33 68.96041394
34 66.96040584
35 64.96047481
36 62.96112084
37 60.96349997
38 58.96941729
39 56.98131044
40 55.00221966
41 53.03574029
42 51.08595489
43 49.15734345
44 47.25467217
45 45.3828637
46 43.54685422
47 41.75144492
48 40.00115693
49 38.30009899
50 36.65185636
51 35.05940759
52 33.52507262
53 32.05049317
54 30.63664295
55 29.28386332
56 27.99191866
57 26.76006495
58 25.58712561
59 24.47156921
60 23.41158489
61 22.40515248
62 21.4501054
63 20.54418528
64 19.68508819
65 18.87050271
66 18.09814035
67 17.36575936
68 16.67118265
69 16.01231076
70 15.38713076
71 14.79372185
72 14.23025821
73 13.6950099
74 13.18634208
75 12.70271303
76 12.24267138
77 11.80485263
78 11.38797537
79 10.99083716
80 10.6123104
81 10.2513381
82 9.906929747
83 9.578157279
84 9.26415116
85 8.964096661
86 8.677230303
87 8.402836491
88 8.140244337
89 7.888824683
90 7.647987293
91 7.417178243
92 7.195877475
93 6.983596512
94 6.77987634
95 6.584285428
96 6.396417889
97 6.215891773
98 6.042347475
99 5.87544626
100 5.714868893
101 5.560314363
102 5.411498699
103 5.268153873
104 5.130026775
105 4.996878263
106 4.868482282
107 4.744625038
108 4.625104238
109 4.509728377
110 4.398316072
111 4.290695449
112 4.186703568
113 4.086185882
114 3.988995742
115 3.894993928
116 3.804048213
117 3.716032957
118 3.630828725
119 3.548321934
120 3.468404518
121 3.390973619
122 3.315931294
123 3.24318424
124 3.172643544
125 3.104224438
126 3.037846076
127 2.973431323
128 2.910906557
129 2.850201479
130 2.791248946
131 2.733984797
132 2.678347705
133 2.624279029
134 2.571722677
135 2.520624975
136 2.470934549
137 2.422602208
138 2.375580834
139 2.329825283
140 2.285292289
141 2.241940369
142 2.199729739
143 2.158622236
144 2.118581235
145 2.079571581
146 2.041559519
147 2.004512628
148 1.968399759
149 1.93319098
150 1.898857516
151 1.865371699
152 1.832706918
153 1.800837574
154 1.769739029
155 1.739387571
156 1.709760368
157 1.680835431
158 1.652591581
159 1.625008409
160 1.598066247
161 1.571746134
162 1.546029789
163 1.520899579
164 1.496338495
165 1.472330127
166 1.448858633
167 1.425908725
168 1.403465639
169 1.381515119
170 1.360043392
171 1.339037153
172 1.318483543
173 1.298370134
174 1.278684912
175 1.259416258
176 1.240552936
177 1.222084076
178 1.203999163
179 1.18628802
180 1.168940796
181 1.151947956
182 1.135300267
183 1.118988787
184 1.103004855
185 1.087340081
186 1.071986334
187 1.056935736
188 1.042180648
189 1.027713666
190 1.013527612
191 0.999615522
192 0.985970643
193 0.972586423
194 0.959456506
195 0.946574723
196 0.933935085
197 0.921531781
198 0.909359167
199 0.897411763
200 0.885684249
201 0.874171453
202 0.862868354
203 0.851770072
204 0.840871866
205 0.830169127
206 0.819657374
207 0.809332252
208 0.799189527
209 0.789225079
210 0.779434904
211 0.769815105
212 0.760361892
213 0.751071575
214 0.741940567
215 0.732965373
216 0.724142594
217 0.71546892
218 0.706941126
219 0.698556076
220 0.690310712
221 0.682202057
222 0.674227213
223 0.666383352
224 0.658667723
225 0.651077643
226 0.643610498
227 0.636263738
228 0.62903488
229 0.621921503
230 0.614921244
231 0.6080318
232 0.601250926
233 0.594576431
234 0.588006178
235 0.581538082
236 0.575170109
237 0.568900275
238 0.562726641
239 0.556647318
240 0.55066046
241 0.544764265
242 0.538956974
243 0.53323687
244 0.527602275
245 0.522051552
246 0.5165831
247 0.511195358
248 0.505886798
249 0.500655928
250 0.495501291
251 0.490421464
252 0.485415054
253 0.480480701
254 0.475617075
255 0.470822876
256 0.466096833
257 0.461437705
258 0.456844275
259 0.452315356
260 0.447849786
261 0.443446428
262 0.43910417
263 0.434821926
264 0.430598629
265 0.42643324
266 0.42232474
267 0.418272132
268 0.41427444
269 0.410330709
270 0.406440005
271 0.402601412
272 0.398814034
273 0.395076995
274 0.391389435
275 0.387750513
276 0.384159407
277 0.380615308
278 0.377117428
279 0.373664992
280 0.370257242
281 0.366893436
282 0.363572845
283 0.360294757
284 0.357058472
285 0.353863306
286 0.350708589
287 0.347593661
288 0.344517879
289 0.341480611
290 0.338481236
291 0.335519147
292 0.33259375
293 0.329704459
294 0.326850702
295 0.324031917
296 0.321247554
297 0.318497073
298 0.315779942
299 0.313095643
300 0.310443666
301 0.30782351
302 0.305234685
303 0.302676708
304 0.300149107
305 0.297651418
306 0.295183186
307 0.292743965
308 0.290333315
309 0.287950807
310 0.285596017
311 0.283268532
312 0.280967943
313 0.278693852
314 0.276445864
315 0.274223596
316 0.272026668
317 0.269854708
318 0.267707352
319 0.26558424
320 0.263485021
321 0.261409349
322 0.259356883
323 0.257327291
324 0.255320242
325 0.253335416
326 0.251372496
327 0.24943117
328 0.247511133
329 0.245612084
330 0.243733727
331 0.241875773
332 0.240037936
333 0.238219936
334 0.236421496
335 0.234642347
336 0.23288222
337 0.231140856
338 0.229417995
339 0.227713385
340 0.226026777
341 0.224357925
342 0.22270659
343 0.221072534
344 0.219455524
345 0.217855331
346 0.21627173
347 0.214704499
348 0.21315342
349 0.211618279
350 0.210098864