1 207.6778891
2 164.8067906
3 143.916924
4 130.6698586
5 121.18007
6 113.8731088
7 107.9668617
8 103.0204118
9 98.76255937
10 95.01546613
11 91.65663692
12 88.59833968
13 85.77571536
14 83.13954089
15 80.6516325
16 78.28182157
17 76.00590611
18 73.80422962
19 71.66067621
20 69.56195016
21 67.49705508
22 65.45691685
23 63.43411262
24 61.42267989
25 59.41798677
26 57.4166496
27 55.41648608
28 53.41649381
29 51.41684375
30 49.41887755
31 47.4250965
32 45.43912916
33 43.46566411
34 41.51033628
35 39.57955866
36 37.68029783
37 35.81979998
38 34.00528335
39 32.24362118
40 30.54104353
41 28.90288583
42 27.33340618
43 25.83568334
44 24.41159647
45 23.06187697
46 21.7862166
47 20.58341211
48 19.45152801
49 18.38806128
50 17.39009659
51 16.45444433
52 15.57775796
53 14.75662976
54 13.98766589
55 13.26754315
56 12.59304991
57 11.96111412
58 11.36882095
59 10.81342243
60 10.29234089
61 9.803168095
62 9.343661028
63 8.911735625
64 8.505459045
65 8.123041155
66 7.762825615
67 7.423280904
68 7.102991486
69 6.80064928
70 6.515045517
71 6.24506306
72 5.989669197
73 5.747908929
74 5.518898744
75 5.301820867
76 5.09591795
77 4.900488201
78 4.714880899
79 4.538492293
80 4.370761832
81 4.211168723
82 4.059228776
83 3.914491513
84 3.776537531
85 3.644976079
86 3.519442847
87 3.399597938
88 3.285124011
89 3.175724577
90 3.071122443
91 2.971058277
92 2.875289295
93 2.783588056
94 2.695741352
95 2.611549185
96 2.530823836
97 2.453388995
98 2.379078968
99 2.307737942
100 2.239219308
101 2.173385038
102 2.110105106
103 2.049256952
104 1.990724995
105 1.934400167
106 1.880179499
107 1.82796572
108 1.777666899
109 1.729196106
110 1.682471096
111 1.637414021
112 1.593951155
113 1.552012646
114 1.511532278
115 1.472447254
116 1.434697994
117 1.398227938
118 1.362983377
119 1.328913284
120 1.295969156
121 1.264104874
122 1.233276568
123 1.203442484
124 1.174562875
125 1.146599881
126 1.119517432
127 1.093281144
128 1.067858235
129 1.043217432
130 1.019328893
131 0.996164135
132 0.973695954
133 0.951898368
134 0.930746547
135 0.910216755
136 0.890286297
137 0.870933463
138 0.85213748
139 0.833878465
140 0.816137381
141 0.798895994
142 0.782136835
143 0.765843164
144 0.749998933
145 0.734588751
146 0.719597858
147 0.705012091
148 0.690817857
149 0.677002107
150 0.663552309
151 0.650456429
152 0.6377029
153 0.625280609
154 0.613178873
155 0.601387418
156 0.589896364
157 0.578696205
158 0.567777795
159 0.55713233
160 0.546751334
161 0.536626645
162 0.526750401
163 0.51711503
164 0.507713232
165 0.498537972
166 0.489582469
167 0.480840182
168 0.472304805
169 0.46397025
170 0.455830648
171 0.447880331
172 0.440113829
173 0.43252586
174 0.425111324
175 0.417865294
176 0.410783009
177 0.403859871
178 0.397091435
179 0.390473403
180 0.384001621
181 0.377672071
182 0.371480867
183 0.36542425
184 0.359498583
185 0.353700346
186 0.348026131
187 0.342472641
188 0.337036682
189 0.33171516
190 0.32650508
191 0.321403541
192 0.316407731
193 0.311514924
194 0.306722479
195 0.302027837
196 0.297428515
197 0.292922106
198 0.288506276
199 0.284178761
200 0.279937363
201 0.275779951
202 0.271704457
203 0.267708872
204 0.263791248
205 0.259949693
206 0.256182369
207 0.252487492
208 0.248863329
209 0.245308196
210 0.241820458
211 0.238398524
212 0.235040851
213 0.231745937
214 0.228512322
215 0.225338588
216 0.222223354
217 0.21916528
218 0.21616306
219 0.213215424
220 0.210321139
221 0.207479002
222 0.204687844
223 0.201946527
224 0.199253944
225 0.196609016
226 0.194010694
227 0.191457956
228 0.188949806
229 0.186485276
230 0.184063421
231 0.181683321
232 0.179344081
233 0.177044827
234 0.174784708
235 0.172562896
236 0.170378583
237 0.16823098
238 0.166119319
239 0.164042853
240 0.16200085
241 0.159992598
242 0.158017404
243 0.156074589
244 0.154163494
245 0.152283473
246 0.150433897
247 0.148614152
248 0.14682364
249 0.145061775
250 0.143327988
251 0.141621721
252 0.13994243
253 0.138289584
254 0.136662665
255 0.135061166
256 0.133484593
257 0.131932462
258 0.130404303
259 0.128899653
260 0.127418062
261 0.125959091
262 0.12452231
263 0.123107297
264 0.121713643
265 0.120340946
266 0.118988814
267 0.117656862
268 0.116344716
269 0.115052009
270 0.113778382
271 0.112523485
272 0.111286975
273 0.110068515
274 0.108867779
275 0.107684444
276 0.106518196
277 0.10536873
278 0.104235742
279 0.10311894
280 0.102018036
281 0.100932747
282 0.099862798
283 0.098807918
284 0.097767843
285 0.096742315
286 0.095731079
287 0.094733889
288 0.0937505
289 0.092780675
290 0.091824181
291 0.090880789
292 0.089950276
293 0.089032424
294 0.088127016
295 0.087233844
296 0.086352701
297 0.085483385
298 0.084625698
299 0.083779448
300 0.082944443
301 0.082120498
302 0.081307429
303 0.080505059
304 0.079713212
305 0.078931715
306 0.078160401
307 0.077399104
308 0.076647662
309 0.075905915
310 0.075173709
311 0.07445089
312 0.073737308
313 0.073032816
314 0.07233727
315 0.071650529
316 0.070972453
317 0.070302906
318 0.069641754
319 0.068988867
320 0.068344115
321 0.067707373
322 0.067078516
323 0.066457423
324 0.065843974
325 0.065238051
326 0.064639541
327 0.064048329
328 0.063464305
329 0.062887361
330 0.062317388
331 0.061754283
332 0.061197941
333 0.060648262
334 0.060105147
335 0.059568497
336 0.059038217
337 0.058514212
338 0.05799639
339 0.05748466
340 0.056978933
341 0.056479121
342 0.055985137
343 0.055496897
344 0.055014318
345 0.054537318
346 0.054065817
347 0.053599735
348 0.053138995
349 0.05268352
350 0.052233236