1.7313 0.252 0.1427 
1.7314 0.25216 0.1429 
1.7313 0.2521 0.1448 
1.7314 0.25227 0.1441 
1.7313 0.25201 0.1432 
1.7314 0.25226 0.1437 
1.7313 0.25202 0.1432 
1.7313 0.252 0.1422 
1.7313 0.25226 0.1434 
1.7313 0.25207 0.1436 
1.7313 0.25228 0.1439 
1.7313 0.25222 0.1443 
1.7313 0.25201 0.1423 
1.7313 0.25215 0.1434 
1.7313 0.25221 0.1428 
1.7314 0.25219 0.1441 
1.7313 0.25212 0.1433 
1.7313 0.25204 0.1432 
1.7313 0.25222 0.1428 
1.7313 0.2521 0.1431 
1.7314 0.25211 0.144 
1.7313 0.2522 0.1431 
1.7313 0.25207 0.1432 
1.7313 0.25201 0.1433 
1.7313 0.25231 0.1443 
1.7313 0.25207 0.143 
1.7313 0.2522 0.1429 
1.7314 0.25215 0.1435 
1.7313 0.25219 0.1433 
1.7313 0.25221 0.1431 
1.7313 0.25215 0.1443 
1.7313 0.25208 0.1433 
1.7313 0.2522 0.1437 
1.7314 0.2522 0.1448 
1.7313 0.25202 0.1426 
1.7313 0.25219 0.1428 
1.7313 0.25216 0.1425 
1.7313 0.25209 0.1422 
1.7313 0.25219 0.1421 
1.7313 0.25217 0.144 
1.7313 0.25215 0.143 
1.7314 0.25224 0.1441 
1.7313 0.25221 0.1432 
1.7313 0.25213 0.143 
1.7313 0.25224 0.1425 
1.7313 0.25229 0.1447 
1.7313 0.25221 0.1423 
1.7313 0.25206 0.1429 
1.7314 0.25222 0.1436 
1.7313 0.25219 0.1435 
1.7313 0.25216 0.1436 
1.7314 0.25218 0.1444 
1.7313 0.25208 0.142 
1.7313 0.25222 0.1442 
1.7313 0.25206 0.1438 
1.7314 0.25232 0.1431 
1.7313 0.25212 0.1441 
1.7313 0.25222 0.1442 
1.7314 0.25221 0.1444 
1.7313 0.25212 0.1432 
1.7314 0.2522 0.1422 
1.7313 0.25216 0.144 
1.7313 0.25225 0.1437 
1.7313 0.25213 0.1435 
1.7313 0.25211 0.1441 
1.7313 0.25218 0.1435 
1.7313 0.25207 0.1427 
1.7313 0.25206 0.1443 
1.7313 0.25215 0.1427 
1.7313 0.25209 0.1445 
1.7313 0.25219 0.1435 
1.7313 0.25213 0.1434 
1.7313 0.25212 0.1424 
1.7313 0.25221 0.1446 
1.7313 0.25203 0.1429 
1.7313 0.25216 0.1425 
1.7313 0.25215 0.1431 
1.7313 0.25223 0.1436 
1.7313 0.25217 0.1436 
1.7313 0.25213 0.1434 
1.7313 0.25217 0.1428 
1.7313 0.25213 0.1416 
1.7313 0.25205 0.1436 
1.7313 0.25232 0.1434 
